{
 "cells": [
  {
   "cell_type": "code",
   "execution_count": 1,
   "metadata": {},
   "outputs": [],
   "source": [
    "import numpy as np \n",
    "import pandas as pd     \n",
    "\n",
    "from scipy.stats import zscore\n",
    "from statsmodels.stats.weightstats import ztest\n",
    "from scipy.stats import ttest_ind\n",
    "from sklearn.decomposition import PCA\n",
    "\n",
    "\n",
    "import warnings         \n",
    "warnings.filterwarnings(\"ignore\")\n"
   ]
  },
  {
   "cell_type": "code",
   "execution_count": 2,
   "metadata": {},
   "outputs": [],
   "source": [
    "dfe = pd.read_csv(\"dataset/encoded-train.csv\")"
   ]
  },
  {
   "cell_type": "code",
   "execution_count": 3,
   "metadata": {},
   "outputs": [
    {
     "name": "stdout",
     "output_type": "stream",
     "text": [
      "Dataset Describe:\n"
     ]
    },
    {
     "data": {
      "text/html": [
       "<div>\n",
       "<style scoped>\n",
       "    .dataframe tbody tr th:only-of-type {\n",
       "        vertical-align: middle;\n",
       "    }\n",
       "\n",
       "    .dataframe tbody tr th {\n",
       "        vertical-align: top;\n",
       "    }\n",
       "\n",
       "    .dataframe thead th {\n",
       "        text-align: right;\n",
       "    }\n",
       "</style>\n",
       "<table border=\"1\" class=\"dataframe\">\n",
       "  <thead>\n",
       "    <tr style=\"text-align: right;\">\n",
       "      <th></th>\n",
       "      <th>ODO</th>\n",
       "      <th>Year</th>\n",
       "      <th>Age</th>\n",
       "      <th>Mileage</th>\n",
       "      <th>Engine</th>\n",
       "      <th>Power</th>\n",
       "      <th>Seats</th>\n",
       "      <th>CP</th>\n",
       "      <th>SP</th>\n",
       "      <th>Fuel_Diesel</th>\n",
       "      <th>Fuel_Petrol</th>\n",
       "      <th>Transmission_Automatic</th>\n",
       "      <th>Transmission_Manual</th>\n",
       "      <th>Owner_First</th>\n",
       "      <th>Owner_Fourth &amp; Above</th>\n",
       "      <th>Owner_Second</th>\n",
       "      <th>Owner_Third</th>\n",
       "    </tr>\n",
       "  </thead>\n",
       "  <tbody>\n",
       "    <tr>\n",
       "      <th>count</th>\n",
       "      <td>5.807000e+03</td>\n",
       "      <td>5807.000000</td>\n",
       "      <td>5807.000000</td>\n",
       "      <td>5807.000000</td>\n",
       "      <td>5807.000000</td>\n",
       "      <td>5807.000000</td>\n",
       "      <td>5807.000000</td>\n",
       "      <td>5807.000000</td>\n",
       "      <td>5807.000000</td>\n",
       "      <td>5807.000000</td>\n",
       "      <td>5807.000000</td>\n",
       "      <td>5807.000000</td>\n",
       "      <td>5807.000000</td>\n",
       "      <td>5807.000000</td>\n",
       "      <td>5807.000000</td>\n",
       "      <td>5807.000000</td>\n",
       "      <td>5807.000000</td>\n",
       "    </tr>\n",
       "    <tr>\n",
       "      <th>mean</th>\n",
       "      <td>5.834902e+04</td>\n",
       "      <td>2013.475805</td>\n",
       "      <td>9.524195</td>\n",
       "      <td>18.206192</td>\n",
       "      <td>1631.839332</td>\n",
       "      <td>113.827634</td>\n",
       "      <td>5.286551</td>\n",
       "      <td>3.263546</td>\n",
       "      <td>9.673429</td>\n",
       "      <td>0.542793</td>\n",
       "      <td>0.457207</td>\n",
       "      <td>0.293095</td>\n",
       "      <td>0.706905</td>\n",
       "      <td>0.824178</td>\n",
       "      <td>0.001205</td>\n",
       "      <td>0.157224</td>\n",
       "      <td>0.017393</td>\n",
       "    </tr>\n",
       "    <tr>\n",
       "      <th>std</th>\n",
       "      <td>9.265556e+04</td>\n",
       "      <td>3.170718</td>\n",
       "      <td>3.170718</td>\n",
       "      <td>4.288879</td>\n",
       "      <td>601.822651</td>\n",
       "      <td>53.903495</td>\n",
       "      <td>0.806790</td>\n",
       "      <td>12.728419</td>\n",
       "      <td>11.292012</td>\n",
       "      <td>0.498208</td>\n",
       "      <td>0.498208</td>\n",
       "      <td>0.455221</td>\n",
       "      <td>0.455221</td>\n",
       "      <td>0.380702</td>\n",
       "      <td>0.034702</td>\n",
       "      <td>0.364043</td>\n",
       "      <td>0.130741</td>\n",
       "    </tr>\n",
       "    <tr>\n",
       "      <th>min</th>\n",
       "      <td>1.710000e+02</td>\n",
       "      <td>1998.000000</td>\n",
       "      <td>4.000000</td>\n",
       "      <td>0.000000</td>\n",
       "      <td>624.000000</td>\n",
       "      <td>34.200000</td>\n",
       "      <td>2.000000</td>\n",
       "      <td>0.000000</td>\n",
       "      <td>0.440000</td>\n",
       "      <td>0.000000</td>\n",
       "      <td>0.000000</td>\n",
       "      <td>0.000000</td>\n",
       "      <td>0.000000</td>\n",
       "      <td>0.000000</td>\n",
       "      <td>0.000000</td>\n",
       "      <td>0.000000</td>\n",
       "      <td>0.000000</td>\n",
       "    </tr>\n",
       "    <tr>\n",
       "      <th>25%</th>\n",
       "      <td>3.328800e+04</td>\n",
       "      <td>2012.000000</td>\n",
       "      <td>7.000000</td>\n",
       "      <td>15.260000</td>\n",
       "      <td>1198.000000</td>\n",
       "      <td>78.000000</td>\n",
       "      <td>5.000000</td>\n",
       "      <td>0.000000</td>\n",
       "      <td>3.590000</td>\n",
       "      <td>0.000000</td>\n",
       "      <td>0.000000</td>\n",
       "      <td>0.000000</td>\n",
       "      <td>0.000000</td>\n",
       "      <td>1.000000</td>\n",
       "      <td>0.000000</td>\n",
       "      <td>0.000000</td>\n",
       "      <td>0.000000</td>\n",
       "    </tr>\n",
       "    <tr>\n",
       "      <th>50%</th>\n",
       "      <td>5.240000e+04</td>\n",
       "      <td>2014.000000</td>\n",
       "      <td>9.000000</td>\n",
       "      <td>18.200000</td>\n",
       "      <td>1497.000000</td>\n",
       "      <td>98.600000</td>\n",
       "      <td>5.000000</td>\n",
       "      <td>0.000000</td>\n",
       "      <td>5.750000</td>\n",
       "      <td>1.000000</td>\n",
       "      <td>0.000000</td>\n",
       "      <td>0.000000</td>\n",
       "      <td>1.000000</td>\n",
       "      <td>1.000000</td>\n",
       "      <td>0.000000</td>\n",
       "      <td>0.000000</td>\n",
       "      <td>0.000000</td>\n",
       "    </tr>\n",
       "    <tr>\n",
       "      <th>75%</th>\n",
       "      <td>7.245750e+04</td>\n",
       "      <td>2016.000000</td>\n",
       "      <td>11.000000</td>\n",
       "      <td>21.100000</td>\n",
       "      <td>1991.000000</td>\n",
       "      <td>139.040000</td>\n",
       "      <td>5.000000</td>\n",
       "      <td>0.000000</td>\n",
       "      <td>10.250000</td>\n",
       "      <td>1.000000</td>\n",
       "      <td>1.000000</td>\n",
       "      <td>1.000000</td>\n",
       "      <td>1.000000</td>\n",
       "      <td>1.000000</td>\n",
       "      <td>0.000000</td>\n",
       "      <td>0.000000</td>\n",
       "      <td>0.000000</td>\n",
       "    </tr>\n",
       "    <tr>\n",
       "      <th>max</th>\n",
       "      <td>6.500000e+06</td>\n",
       "      <td>2019.000000</td>\n",
       "      <td>25.000000</td>\n",
       "      <td>28.400000</td>\n",
       "      <td>5998.000000</td>\n",
       "      <td>560.000000</td>\n",
       "      <td>10.000000</td>\n",
       "      <td>230.000000</td>\n",
       "      <td>160.000000</td>\n",
       "      <td>1.000000</td>\n",
       "      <td>1.000000</td>\n",
       "      <td>1.000000</td>\n",
       "      <td>1.000000</td>\n",
       "      <td>1.000000</td>\n",
       "      <td>1.000000</td>\n",
       "      <td>1.000000</td>\n",
       "      <td>1.000000</td>\n",
       "    </tr>\n",
       "  </tbody>\n",
       "</table>\n",
       "</div>"
      ],
      "text/plain": [
       "                ODO         Year          Age      Mileage       Engine  \\\n",
       "count  5.807000e+03  5807.000000  5807.000000  5807.000000  5807.000000   \n",
       "mean   5.834902e+04  2013.475805     9.524195    18.206192  1631.839332   \n",
       "std    9.265556e+04     3.170718     3.170718     4.288879   601.822651   \n",
       "min    1.710000e+02  1998.000000     4.000000     0.000000   624.000000   \n",
       "25%    3.328800e+04  2012.000000     7.000000    15.260000  1198.000000   \n",
       "50%    5.240000e+04  2014.000000     9.000000    18.200000  1497.000000   \n",
       "75%    7.245750e+04  2016.000000    11.000000    21.100000  1991.000000   \n",
       "max    6.500000e+06  2019.000000    25.000000    28.400000  5998.000000   \n",
       "\n",
       "             Power        Seats           CP           SP  Fuel_Diesel  \\\n",
       "count  5807.000000  5807.000000  5807.000000  5807.000000  5807.000000   \n",
       "mean    113.827634     5.286551     3.263546     9.673429     0.542793   \n",
       "std      53.903495     0.806790    12.728419    11.292012     0.498208   \n",
       "min      34.200000     2.000000     0.000000     0.440000     0.000000   \n",
       "25%      78.000000     5.000000     0.000000     3.590000     0.000000   \n",
       "50%      98.600000     5.000000     0.000000     5.750000     1.000000   \n",
       "75%     139.040000     5.000000     0.000000    10.250000     1.000000   \n",
       "max     560.000000    10.000000   230.000000   160.000000     1.000000   \n",
       "\n",
       "       Fuel_Petrol  Transmission_Automatic  Transmission_Manual  Owner_First  \\\n",
       "count  5807.000000             5807.000000          5807.000000  5807.000000   \n",
       "mean      0.457207                0.293095             0.706905     0.824178   \n",
       "std       0.498208                0.455221             0.455221     0.380702   \n",
       "min       0.000000                0.000000             0.000000     0.000000   \n",
       "25%       0.000000                0.000000             0.000000     1.000000   \n",
       "50%       0.000000                0.000000             1.000000     1.000000   \n",
       "75%       1.000000                1.000000             1.000000     1.000000   \n",
       "max       1.000000                1.000000             1.000000     1.000000   \n",
       "\n",
       "       Owner_Fourth & Above  Owner_Second  Owner_Third  \n",
       "count           5807.000000   5807.000000  5807.000000  \n",
       "mean               0.001205      0.157224     0.017393  \n",
       "std                0.034702      0.364043     0.130741  \n",
       "min                0.000000      0.000000     0.000000  \n",
       "25%                0.000000      0.000000     0.000000  \n",
       "50%                0.000000      0.000000     0.000000  \n",
       "75%                0.000000      0.000000     0.000000  \n",
       "max                1.000000      1.000000     1.000000  "
      ]
     },
     "execution_count": 3,
     "metadata": {},
     "output_type": "execute_result"
    }
   ],
   "source": [
    "# EDA - Statistical Analysis\n",
    "# Stat Summary\n",
    "print(\"Dataset Describe:\")\n",
    "dfe.describe()"
   ]
  },
  {
   "cell_type": "code",
   "execution_count": 4,
   "metadata": {},
   "outputs": [
    {
     "name": "stdout",
     "output_type": "stream",
     "text": [
      "Correlation matrix\n",
      "                         Mileage    Engine     Power     Seats        CP        SP  Fuel_Diesel  Fuel_Petrol  Transmission_Automatic  Transmission_Manual  Owner_First  Owner_Fourth & Above  Owner_Second  Owner_Third\n",
      "Mileage                 1.000000 -0.637154 -0.536648 -0.330440 -0.038795 -0.340675     0.118617    -0.118617               -0.367234             0.367234     0.144298             -0.037777     -0.120769    -0.073874\n",
      "Engine                 -0.637154  1.000000  0.865013  0.400124  0.191302  0.656887     0.424221    -0.424221                0.499214            -0.499214    -0.057533              0.014871      0.049570     0.025557\n",
      "Power                  -0.536648  0.865013  1.000000  0.098152  0.293179  0.772422     0.284726    -0.284726                0.642933            -0.642933    -0.030448             -0.005644      0.031570     0.002254\n",
      "Seats                  -0.330440  0.400124  0.098152  1.000000  0.003365  0.053251     0.308860    -0.308860               -0.077243             0.077243    -0.004728              0.030724     -0.002710     0.013158\n",
      "CP                     -0.038795  0.191302  0.293179  0.003365  1.000000  0.425190     0.095975    -0.095975                0.230847            -0.230847     0.059113             -0.008908     -0.050426    -0.029357\n",
      "SP                     -0.340675  0.656887  0.772422  0.053251  0.425190  1.000000     0.317009    -0.317009                0.584053            -0.584053     0.086187             -0.018788     -0.069831    -0.051539\n",
      "Fuel_Diesel             0.118617  0.424221  0.284726  0.308860  0.095975  0.317009     1.000000    -1.000000                0.133027            -0.133027     0.035590              0.001997     -0.023333    -0.039193\n",
      "Fuel_Petrol            -0.118617 -0.424221 -0.284726 -0.308860 -0.095975 -0.317009    -1.000000     1.000000               -0.133027             0.133027    -0.035590             -0.001997      0.023333     0.039193\n",
      "Transmission_Automatic -0.367234  0.499214  0.642933 -0.077243  0.230847  0.584053     0.133027    -0.133027                1.000000            -1.000000    -0.004721             -0.011466      0.011853    -0.016213\n",
      "Transmission_Manual     0.367234 -0.499214 -0.642933  0.077243 -0.230847 -0.584053    -0.133027     0.133027               -1.000000             1.000000     0.004721              0.011466     -0.011853     0.016213\n",
      "Owner_First             0.144298 -0.057533 -0.030448 -0.004728  0.059113  0.086187     0.035590    -0.035590               -0.004721             0.004721     1.000000             -0.075216     -0.935141    -0.288050\n",
      "Owner_Fourth & Above   -0.037777  0.014871 -0.005644  0.030724 -0.008908 -0.018788     0.001997    -0.001997               -0.011466             0.011466    -0.075216              1.000000     -0.015005    -0.004622\n",
      "Owner_Second           -0.120769  0.049570  0.031570 -0.002710 -0.050426 -0.069831    -0.023333     0.023333                0.011853            -0.011853    -0.935141             -0.015005      1.000000    -0.057464\n",
      "Owner_Third            -0.073874  0.025557  0.002254  0.013158 -0.029357 -0.051539    -0.039193     0.039193               -0.016213             0.016213    -0.288050             -0.004622     -0.057464     1.000000\n"
     ]
    }
   ],
   "source": [
    "# Correlation for numerical values\n",
    "correlation_matrix = dfe.iloc[:,5:].corr()\n",
    "\n",
    "# Convert correlation matrix to text and print\n",
    "correlation_text = correlation_matrix.to_string()\n",
    "\n",
    "print(\"Correlation matrix\")\n",
    "print(correlation_text)"
   ]
  },
  {
   "cell_type": "code",
   "execution_count": 5,
   "metadata": {},
   "outputs": [
    {
     "name": "stdout",
     "output_type": "stream",
     "text": [
      "Z-test for ODO: Z-statistic = -1.8086845396966537e-16, p-value = 0.9999999999999999\n",
      "T-test for ODO: T-statistic = -2.744782339504185, p-value = 0.0060737289787887545\n"
     ]
    }
   ],
   "source": [
    "\n",
    "threshold = dfe['SP'].median()\n",
    "high_sp = dfe[dfe['SP'] > threshold]  \n",
    "low_sp = dfe[dfe['SP'] <= threshold]  \n",
    "\n",
    "zscore_high = zscore(high_sp['ODO'])\n",
    "zscore_low = zscore(low_sp['ODO'])\n",
    "\n",
    "# Perform Z-test\n",
    "z_statistic, p_value = ztest(zscore_high, zscore_low)\n",
    "print(f\"Z-test for ODO: Z-statistic = {z_statistic}, p-value = {p_value}\")\n",
    "\n",
    "# Perform T-test\n",
    "t_statistic, p_value = ttest_ind(high_sp['ODO'], low_sp['ODO'])\n",
    "print(f\"T-test for ODO: T-statistic = {t_statistic}, p-value = {p_value}\")\n"
   ]
  },
  {
   "cell_type": "code",
   "execution_count": 6,
   "metadata": {},
   "outputs": [
    {
     "name": "stdout",
     "output_type": "stream",
     "text": [
      "Index(['ODO', 'Year', 'Age', 'Mileage', 'Engine', 'Power', 'Seats', 'CP', 'SP',\n",
      "       'Fuel_Diesel', 'Fuel_Petrol', 'Transmission_Automatic',\n",
      "       'Transmission_Manual', 'Owner_First', 'Owner_Fourth & Above',\n",
      "       'Owner_Second', 'Owner_Third'],\n",
      "      dtype='object')\n",
      "PCA\n",
      "PC1    -0.008328\n",
      "PC2     0.661960\n",
      "PC3     0.413524\n",
      "PC4     0.185586\n",
      "PC5     0.234239\n",
      "PC6     0.087454\n",
      "PC7     0.049281\n",
      "PC8    -0.118328\n",
      "PC9    -0.030860\n",
      "PC10   -0.011448\n",
      "PC11    0.013274\n",
      "PC12    0.000704\n",
      "PC13    0.005184\n",
      "PC14    0.001690\n",
      "PC15    0.004646\n",
      "PC16    0.000132\n",
      "SP      1.000000\n",
      "Name: SP, dtype: float64\n"
     ]
    }
   ],
   "source": [
    "numerical_cols = dfe.iloc[:, 2:]\n",
    "print(numerical_cols.columns)\n",
    "# Perform PCA\n",
    "pca = PCA(n_components=16)  # Choose the number of components\n",
    "\n",
    "X_pca = pca.fit_transform(numerical_cols.drop('SP', axis=1))  # Considering all features except 'SP'\n",
    "\n",
    "# Calculate correlation between components and 'SP'\n",
    "pca_df = pd.DataFrame(X_pca, columns=[f\"PC{i}\" for i in range(1, pca.n_components_ + 1)])\n",
    "pca_df['SP'] = dfe['SP']\n",
    "pca_corr = pca_df.corr()\n",
    "\n",
    "# Analyze correlation of components with 'SP'\n",
    "print(\"PCA\")\n",
    "print(pca_corr['SP'])"
   ]
  }
 ],
 "metadata": {
  "kernelspec": {
   "display_name": "Python 3 (ipykernel)",
   "language": "python",
   "name": "python3"
  },
  "language_info": {
   "codemirror_mode": {
    "name": "ipython",
    "version": 3
   },
   "file_extension": ".py",
   "mimetype": "text/x-python",
   "name": "python",
   "nbconvert_exporter": "python",
   "pygments_lexer": "ipython3",
   "version": "3.10.8"
  }
 },
 "nbformat": 4,
 "nbformat_minor": 4
}
